name	registration_no
BLYM TRAVEL AGENCY	PV00209133
BLYMO	PV00271016
BLYNC GLOBAL AGENCY	PV00313751
BLYTHEBURY INVESTMENTS	PV00229889
BLYTON	PV112754
