name	registration_no
IKKA LANKA	PV77674
