name	registration_no
US BUILDERS	PV00250440
