name	registration_no
WUSHI ENTERPRISES	PV00260213
WUSLEY LANKA	PV12093
