name	registration_no
SJU CONSULTANCIES	
