name	registration_no
TTSL RENTAL	PV00290832
